year,country,female_total,male_total,total
2009,Afghanistan,1447383,1679396,3126779
2009,Albania,1270,2030,3300
2009,Algeria,952,2638,3590
2009,Angola,68558,62182,130740
2009,Antigua and Barbuda,30,11,41
2009,Argentina,49,83,132
2009,Armenia,2413,2494,4907
2009,Australia,23,10,33
2009,Austria,5,5,10
2009,Azerbaijan,303765,292658,596423
2009,Bahamas,11,16,27
2009,Bahrain,6,12,18
2009,Bangladesh,285,1423,1708
2009,Barbados,43,23,66
2009,Belarus,1028,1021,2049
2009,Belgium,0,14,14
2009,Belize,0,5,5
2009,Benin,81,256,337
2009,Bhutan,43754,45513,89267
2009,Bolivia,104,139,243
2009,Bosnia and Herz.,115772,107803,223575
2009,Botswana,135,60,195
2009,Brazil,185,167,352
2009,Bulgaria,172,180,352
2009,Burkina Faso,83,284,367
2009,Burundi,35796,41822,77618
2009,Cabo Verde,0,5,5
2009,Cambodia,1617,1652,3269
2009,Cameroon,2336,2387,4723
2009,Canada,29,23,52
2009,Central African Rep.,176202,175261,351463
2009,Chad,121351,104139,225490
2009,Chile,291,398,689
2009,China,3956,5810,9766
2009,Colombia,1776166,1863331,3639497
2009,Comoros,5,5,10
2009,Congo,5815,7175,12990
2009,Costa Rica,26,49,75
2009,Croatia,51440,49970,101410
2009,Cuba,1830,3550,5380
2009,Cyprus,5,0,5
2009,Czechia,1093,1160,2253
2009,Côte d'Ivoire,277734,260410,538144
2009,Dem. Rep. Congo,174854,172093,346947
2009,Djibouti,144,134,278
2009,Dominica,12,6,18
2009,Dominican Rep.,127,159,286
2009,Ecuador,133,179,312
2009,Egypt,327,980,1307
2009,El Salvador,765,1216,1981
2009,Equatorial Guinea,43,67,110
2009,Estonia,58,31,89
2009,Eswatini,39,14,53
2009,Ethiopia,29593,35422,65015
2009,Fiji,33,43,76
2009,France,32,32,64
2009,Gabon,30,26,56
2009,Gambia,154,827,981
2009,Georgia,1419,1835,3254
2009,Germany,46,28,74
2009,Ghana,6746,6297,13043
2009,Greece,10,17,27
2009,Greenland,129,150,279
2009,Grenada,65,23,88
2009,Guatemala,332,576,908
2009,Guinea,990,1794,2784
2009,Guinea-Bissau,51,279,330
2009,Haiti,3676,4575,8251
2009,Honduras,263,492,755
2009,Hong Kong,61,5,66
2009,Hungary,1193,1508,2701
2009,India,630,4171,4801
2009,Indonesia,2191,1398,3589
2009,Iran,19021,26709,45730
2009,Iraq,1552149,1644133,3196282
2009,Ireland,0,5,5
2009,Israel,615,711,1326
2009,Italy,21,25,46
2009,Jamaica,249,269,518
2009,Japan,66,70,136
2009,Jordan,355,852,1207
2009,Kazakhstan,984,795,1779
2009,Kenya,3581,3323,6904
2009,Kuwait,66,138,204
2009,Kyrgyzstan,795,680,1475
2009,Laos,327,416,743
2009,Latvia,287,264,551
2009,Lebanon,6091,8076,14167
2009,Lesotho,5,0,5
2009,Liberia,33022,32408,65430
2009,Libya,346,665,1011
2009,Lithuania,149,156,305
2009,Macedonia,2691,3844,6535
2009,Madagascar,30,10,40
2009,Malawi,7,5,12
2009,Malaysia,22,52,74
2009,Maldives,0,5,5
2009,Mali,50,138,188
2009,Mauritania,16108,16456,32564
2009,Mauritius,5,0,5
2009,Mexico,6105,7812,13917
2009,Moldova,2238,2006,4244
2009,Mongolia,259,214,473
2009,Montenegro,1185,1389,2574
2009,Morocco,542,1412,1954
2009,Mozambique,34,73,107
2009,Myanmar,95593,125047,220640
2009,Namibia,268,666,934
2009,Nepal,248,690,938
2009,Netherlands,12,12,24
2009,New Zealand,0,9,9
2009,Nicaragua,456,624,1080
2009,Niger,101,263,364
2009,Nigeria,3908,6383,10291
2009,Norway,5,0,5
2009,Oman,17,30,47
2009,Pakistan,913085,992386,1905471
2009,Panama,28,31,59
2009,Paraguay,18,16,34
2009,Peru,1882,4840,6722
2009,Philippines,376,222,598
2009,Poland,604,632,1236
2009,Portugal,24,27,51
2009,Qatar,11,49,60
2009,South Korea,253,234,487
2009,Romania,509,483,992
2009,Russia,26934,23967,50901
2009,Rwanda,21446,24123,45569
2009,Saint Kitts and Nevis,5,6,11
2009,Saint Lucia,363,234,597
2009,Saint Vincent and the Grenadines,665,407,1072
2009,Sao Tome and Principe,12,20,32
2009,Saudi Arabia,152,240,392
2009,Senegal,8215,7395,15610
2009,Seychelles,5,0,5
2009,Sierra Leone,4689,6777,11466
2009,Singapore,9,5,14
2009,Slovakia,194,179,373
2009,Slovenia,12,19,31
2009,South Africa,42,93,135
2009,Spain,21,35,56
2009,Sri Lanka,264999,266313,531312
2009,Sudan,705610,683055,1388665
2009,Suriname,0,5,5
2009,Sweden,12,0,12
2009,Switzerland,10,0,10
2009,Syria,913085,992386,1905471
2009,Tajikistan,110,172,282
2009,Thailand,329,410,739
2009,Togo,5649,8165,13814
2009,Trinidad and Tobago,122,125,247
2009,Tunisia,431,1352,1783
2009,Turkey,47756,75157,122913
2009,Turkmenistan,120,148,268
2009,Uganda,1694,2163,3857
2009,Ukraine,9614,9434,19048
2009,United Arab Emirates,166,213,379
2009,United Kingdom,15,10,25
2009,Tanzania,78,128,206
2009,United States of America,851,891,1742
2009,Uruguay,34,30,64
2009,Uzbekistan,1369,1336,2705
2009,Vietnam,12959,15765,28724
2009,Yemen,141203,109954,251157
2009,Zambia,24,21,45
2009,Zimbabwe,824,1026,1850
2010,Afghanistan,1497998,1662744,3160742
2010,Albania,1948,2778,4726
2010,Algeria,1436,3426,4862
2010,Angola,61326,60632,121958
2010,Antigua and Barbuda,22,10,32
2010,Argentina,54,85,139
2010,Armenia,4385,4529,8914
2010,Australia,22,21,43
2010,Austria,0,5,5
2010,Azerbaijan,308449,297009,605458
2010,Bahamas,17,11,28
2010,Bahrain,23,24,47
2010,Bangladesh,544,3718,4262
2010,Barbados,27,36,63
2010,Belarus,1311,1402,2713
2010,Belgium,6,5,11
2010,Belize,0,5,5
2010,Benin,113,300,413
2010,Bhutan,36946,38690,75636
2010,Bolivia,128,163,291
2010,Bosnia and Herz.,114892,109864,224756
2010,Botswana,127,53,180
2010,Brazil,178,169,347
2010,Bulgaria,196,230,426
2010,Burkina Faso,130,376,506
2010,Burundi,38352,39858,78210
2010,Cabo Verde,0,5,5
2010,Cambodia,7926,7803,15729
2010,Cameroon,2697,3080,5777
2010,Canada,28,23,51
2010,Central African Rep.,181842,171727,353569
2010,Chad,26357,28742,55099
2010,Chile,327,437,764
2010,China,4577,6658,11235
2010,Colombia,1977577,2034805,4012382
2010,Comoros,105,235,340
2010,Congo,8207,9675,17882
2010,Costa Rica,37,46,83
2010,Croatia,44958,43077,88035
2010,Cuba,2633,5228,7861
2010,Cyprus,5,0,5
2010,Czechia,641,714,1355
2010,Côte d'Ivoire,18796,21140,39936
2010,Dem. Rep. Congo,249273,241544,490817
2010,Djibouti,224,212,436
2010,Dominica,11,5,16
2010,Dominican Rep.,132,177,309
2010,Ecuador,164,168,332
2010,Egypt,466,1223,1689
2010,El Salvador,765,1111,1876
2010,Equatorial Guinea,64,127,191
2010,Estonia,64,50,114
2010,Eswatini,26,19,45
2010,Ethiopia,43946,47107,91053
2010,Fiji,28,51,79
2010,France,31,13,44
2010,Gabon,54,28,82
2010,Gambia,229,1039,1268
2010,Georgia,2656,2972,5628
2010,Germany,22,17,39
2010,Ghana,9487,9805,19292
2010,Greece,13,28,41
2010,Greenland,60,100,160
2010,Grenada,44,19,63
2010,Guatemala,410,615,1025
2010,Guinea,2804,4203,7007
2010,Guinea-Bissau,339,915,1254
2010,Haiti,5020,6365,11385
2010,Honduras,285,536,821
2010,Hong Kong,76,5,81
2010,Hungary,1752,2093,3845
2010,India,1109,4421,5530
2010,Indonesia,2156,1402,3558
2010,Iran,18276,27169,45445
2010,Iraq,1394519,1503899,2898418
2010,Israel,599,559,1158
2010,Italy,32,31,63
2010,Jamaica,256,291,547
2010,Japan,67,61,128
2010,Jordan,407,840,1247
2010,Kazakhstan,1295,1097,2392
2010,Kenya,2802,2510,5312
2010,Kuwait,73,161,234
2010,Kyrgyzstan,43677,38531,82208
2010,Laos,3881,4273,8154
2010,Latvia,369,319,688
2010,Lebanon,5809,7820,13629
2010,Lesotho,5,0,5
2010,Liberia,32804,32059,64863
2010,Libya,381,808,1189
2010,Lithuania,185,183,368
2010,Macedonia,3770,4870,8640
2010,Madagascar,122,119,241
2010,Malawi,9,5,14
2010,Malaysia,27,33,60
2010,Maldives,0,5,5
2010,Mali,1964,907,2871
2010,Mauritania,16274,19460,35734
2010,Mexico,4092,5295,9387
2010,Moldova,2563,2255,4818
2010,Mongolia,535,400,935
2010,Montenegro,1562,1704,3266
2010,Morocco,582,1586,2168
2010,Mozambique,37,92,129
2010,Myanmar,127305,164320,291625
2010,Namibia,207,148,355
2010,Nepal,215,754,969
2010,Netherlands,25,5,30
2010,New Zealand,5,6,11
2010,Nicaragua,466,606,1072
2010,Niger,107,352,459
2010,Nigeria,4615,7822,12437
2010,Oman,12,35,47
2010,Pakistan,59256,67372,126628
2010,Panama,25,39,64
2010,Paraguay,18,7,25
2010,Peru,1706,4344,6050
2010,Philippines,336,226,562
2010,Poland,655,712,1367
2010,Portugal,31,39,70
2010,Qatar,36,66,102
2010,South Korea,208,198,406
2010,Romania,534,541,1075
2010,Russia,30751,27497,58248
2010,Rwanda,54694,62133,116827
2010,Saint Kitts and Nevis,12,0,12
2010,Saint Lucia,408,275,683
2010,Saint Vincent and the Grenadines,625,422,1047
2010,Sao Tome and Principe,12,20,32
2010,Saudi Arabia,166,248,414
2010,Senegal,8268,7730,15998
2010,Sierra Leone,990,2462,3452
2010,Singapore,13,5,18
2010,Slovakia,300,283,583
2010,Slovenia,20,9,29
2010,South Africa,58,114,172
2010,Spain,35,40,75
2010,Sri Lanka,189378,201769,391147
2010,Sudan,1012583,985856,1998439
2010,Suriname,10,0,10
2010,Sweden,23,5,28
2010,Switzerland,5,0,5
2010,Syria,59256,67372,126628
2010,Tajikistan,138,256,394
2010,Thailand,205,209,414
2010,Togo,5970,8577,14547
2010,Trinidad and Tobago,79,62,141
2010,Tunisia,494,1553,2047
2010,Turkey,51030,83638,134668
2010,Turkmenistan,126,154,280
2010,Uganda,1331,1541,2872
2010,Ukraine,10543,10326,20869
2010,United Arab Emirates,184,207,391
2010,United Kingdom,23,18,41
2010,Tanzania,83252,79237,162489
2010,United States of America,578,628,1206
2010,Uruguay,31,33,64
2010,Uzbekistan,2650,2495,5145
2010,Vietnam,160508,177249,337757
2010,Yemen,110029,112235,222264
2010,Zambia,26,15,41
2010,Zimbabwe,305,388,693
2011,Afghanistan,1527285,1649702,3176987
2011,Albania,2332,3218,5550
2011,Algeria,1452,3474,4926
2011,Angola,59015,58344,117359
2011,Antigua and Barbuda,31,13,44
2011,Argentina,45,56,101
2011,Armenia,4213,4323,8536
2011,Australia,27,11,38
2011,Austria,0,5,5
2011,Azerbaijan,311520,299974,611494
2011,Bahamas,39,15,54
2011,Bahrain,22,24,46
2011,Bangladesh,669,3734,4403
2011,Barbados,64,48,112
2011,Belarus,1322,1383,2705
2011,Belgium,0,6,6
2011,Belize,0,10,10
2011,Benin,128,274,402
2011,Bhutan,29424,30935,60359
2011,Bolivia,140,157,297
2011,Bosnia and Herz.,86760,85030,171790
2011,Botswana,186,74,260
2011,Brazil,170,121,291
2011,Bulgaria,215,276,491
2011,Burkina Faso,142,370,512
2011,Burundi,172735,167862,340597
2011,Cabo Verde,0,5,5
2011,Cambodia,7345,7365,14710
2011,Cameroon,2811,3231,6042
2011,Canada,21,32,53
2011,Central African Rep.,154799,143301,298100
2011,Chad,21311,22981,44292
2011,Chile,315,387,702
2011,China,5992,8213,14205
2011,Colombia,2139950,2077540,4217490
2011,Comoros,132,240,406
2011,Congo,6923,8469,15392
2011,Costa Rica,17,38,55
2011,Croatia,42557,40782,83339
2011,Cuba,1747,3000,4747
2011,Cyprus,5,0,5
2011,Czechia,431,500,931
2011,Côte d'Ivoire,144101,145294,289395
2011,Dem. Rep. Congo,300762,279761,580523
2011,Djibouti,320,261,581
2011,Dominica,0,5,5
2011,Dominican Rep.,235,170,405
2011,Ecuador,155,203,358
2011,Egypt,679,1522,2201
2011,El Salvador,888,1200,2088
2011,Equatorial Guinea,51,80,131
2011,Estonia,69,58,127
2011,Eswatini,59,28,87
2011,Ethiopia,34110,41576,75686
2011,Fiji,15,53,68
2011,Finland,5,0,5
2011,France,50,15,65
2011,Gabon,52,38,90
2011,Gambia,243,1016,1259
2011,Georgia,2598,2828,5426
2011,Germany,20,22,42
2011,Ghana,9504,9859,19363
2011,Greece,18,30,48
2011,Greenland,79,71,150
2011,Grenada,50,9,59
2011,Guatemala,443,658,1101
2011,Guinea,3766,4590,8356
2011,Guinea-Bissau,342,1053,1395
2011,Haiti,5952,9526,15478
2011,Honduras,293,604,897
2011,Hong Kong,68,5,73
2011,Hungary,3044,3443,6487
2011,India,1307,4587,5894
2011,Indonesia,2221,1340,3561
2011,Iran,19927,29205,49132
2011,Iraq,1312134,1332440,2644574
2011,Ireland,0,5,5
2011,Israel,383,473,856
2011,Italy,29,17,46
2011,Jamaica,359,336,695
2011,Japan,93,82,175
2011,Jordan,418,845,1263
2011,Kazakhstan,1259,995,2254
2011,Kenya,2938,2500,5438
2011,Kuwait,110,211,321
2011,Kyrgyzstan,87431,84554,171985
2011,Laos,3702,4083,7785
2011,Latvia,362,299,661
2011,Lebanon,5482,7485,12967
2011,Liberia,31013,31518,62531
2011,Libya,905,1721,2626
2011,Lithuania,192,197,389
2011,Macedonia,3494,4569,8063
2011,Madagascar,117,133,250
2011,Malawi,17,10,27
2011,Malaysia,51,25,76
2011,Maldives,0,5,5
2011,Mali,2311,998,3309
2011,Mauritania,17629,20065,37694
2011,Mauritius,5,0,5
2011,Mexico,2656,3032,5688
2011,Moldova,2502,2232,4734
2011,Mongolia,462,303,765
2011,Montenegro,1784,1959,3743
2011,Morocco,592,1539,2131
2011,Mozambique,44,90,134
2011,Myanmar,269406,301604,571010
2011,Namibia,854,1288,2142
2011,Nepal,255,722,977
2011,Netherlands,26,27,53
2011,New Zealand,0,13,13
2011,Nicaragua,473,594,1067
2011,Niger,165,344,509
2011,Nigeria,5125,7552,12677
2011,Norway,5,0,5
2011,Oman,17,30,47
2011,Pakistan,30765,39691,70456
2011,Panama,34,20,54
2011,Paraguay,30,17,47
2011,Peru,1032,1124,2156
2011,Philippines,335,180,515
2011,Poland,733,808,1541
2011,Portugal,43,34,77
2011,Qatar,38,49,87
2011,South Korea,197,161,358
2011,Romania,627,662,1289
2011,Russia,33369,29712,63081
2011,Rwanda,50860,58141,109001
2011,Saint Kitts and Nevis,6,20,26
2011,Saint Lucia,658,397,1055
2011,Saint Vincent and the Grenadines,915,477,1392
2011,Sao Tome and Principe,12,20,32
2011,Saudi Arabia,186,286,472
2011,Senegal,8965,8417,17382
2011,Sierra Leone,958,3610,4568
2011,Singapore,16,10,26
2011,Slovakia,337,356,693
2011,Slovenia,5,10,15
2011,Solomon Islands,0,5,5
2011,South Africa,50,98,148
2011,Spain,49,53,102
2011,Sri Lanka,49345,68127,117472
2011,Sudan,1462541,1447272,2909813
2011,Suriname,5,0,5
2011,Sweden,5,13,18
2011,Switzerland,5,0,5
2011,Syria,30765,39691,70456
2011,Tajikistan,148,276,424
2011,Thailand,217,163,380
2011,Togo,6559,9460,16019
2011,Trinidad and Tobago,105,26,131
2011,Tunisia,468,2263,2734
2011,Turkey,48722,80141,128863
2011,Turkmenistan,125,141,266
2011,Turks and Caicos Islands,5,0,5
2011,Uganda,1019,1204,2223
2011,Ukraine,10865,10499,21364
2011,United Arab Emirates,208,228,436
2011,United Kingdom,34,31,65
2011,Tanzania,143,126,269
2011,United States of America,850,853,1703
2011,Uruguay,31,29,60
2011,Uzbekistan,1805,1708,3513
2011,Vietnam,160135,176849,336984
2011,Yemen,174602,174544,349145
2011,Zambia,31,10,41
2011,Zimbabwe,859,1023,1882
2012,Afghanistan,1477874,1649590,3127464
2012,Albania,2636,3474,6110
2012,Algeria,1519,4054,5573
2012,Angola,53634,53019,106653
2012,Antigua and Barbuda,23,19,42
2012,Argentina,31,47,78
2012,Armenia,4826,4957,9783
2012,Australia,29,12,41
2012,Austria,5,10,15
2012,Azerbaijan,6483,6233,12716
2012,Bahamas,19,22,41
2012,Bahrain,35,34,69
2012,Bangladesh,688,4616,5304
2012,Barbados,38,39,77
2012,Belarus,1495,1661,3156
2012,Belgium,7,13,20
2012,Belize,0,5,5
2012,Benin,133,352,485
2012,Bhutan,19817,21366,41183
2012,Bolivia,146,146,292
2012,Bosnia and Herz.,103051,104491,207542
2012,Botswana,130,62,192
2012,Brazil,144,116,260
2012,Bulgaria,205,250,455
2012,Burkina Faso,179,391,570
2012,Burundi,156432,159630,316062
2012,Cabo Verde,0,10,10
2012,Cambodia,6748,6839,13587
2012,Cameroon,2169,3254,5423
2012,Canada,27,31,58
2012,Central African Rep.,83934,74664,158598
2012,Chad,19668,20994,40662
2012,Chile,254,363,617
2012,China,6047,8093,14140
2012,Colombia,2157515,2091914,4249429
2012,Comoros,150,289,439
2012,Congo,3201,3792,6993
2012,Costa Rica,10,25,35
2012,Croatia,42513,40776,83289
2012,Cuba,1586,2896,4482
2012,Cyprus,5,0,5
2012,Czechia,184,245,429
2012,Côte d'Ivoire,71029,70577,141606
2012,Dem. Rep. Congo,257629,248289,505918
2012,Djibouti,299,258,557
2012,Dominica,5,0,5
2012,Dominican Rep.,272,150,422
2012,Ecuador,168,161,329
2012,Egypt,833,1874,2707
2012,El Salvador,838,1089,1927
2012,Equatorial Guinea,45,75,120
2012,Estonia,57,58,115
2012,Eswatini,79,39,118
2012,Ethiopia,41264,47012,88276
2012,Fiji,15,14,29
2012,Finland,5,0,5
2012,France,28,12,40
2012,Gabon,44,48,92
2012,Gambia,288,1260,1548
2012,Georgia,3003,3754,6757
2012,Germany,15,15,30
2012,Ghana,12292,11088,23380
2012,Greece,52,65,117
2012,Greenland,33,45,78
2012,Grenada,28,5,33
2012,Guatemala,331,483,814
2012,Guinea,4072,4951,9023
2012,Guinea-Bissau,390,1287,1677
2012,Haiti,4069,8526,12595
2012,Honduras,345,542,887
2012,Hong Kong,56,0,56
2012,Hungary,2072,2374,4446
2012,India,1317,4644,5961
2012,Indonesia,5806,4860,10666
2012,Iran,22179,32961,55140
2012,Iraq,875979,899777,1775756
2012,Ireland,5,5,10
2012,Israel,340,356,696
2012,Italy,36,33,69
2012,Jamaica,237,267,504
2012,Japan,84,79,163
2012,Jordan,490,829,1319
2012,Kazakhstan,1430,1140,2575
2012,Kenya,2857,2444,5301
2012,Kuwait,149,237,386
2012,Kyrgyzstan,86898,84186,171084
2012,Laos,3659,4025,7684
2012,Latvia,300,285,585
2012,Lebanon,5636,7563,13199
2012,Liberia,9443,10333,19776
2012,Libya,870,2352,3222
2012,Lithuania,179,178,357
2012,Macedonia,4820,6006,10826
2012,Madagascar,154,129,283
2012,Malawi,15,0,15
2012,Malaysia,48,27,75
2012,Maldives,12,19,31
2012,Mali,78310,69237,147547
2012,Mauritania,14343,17216,31559
2012,Mauritius,5,5,10
2012,Mexico,941,1092,2033
2012,Moldova,2424,2139,4563
2012,Mongolia,439,307,746
2012,Montenegro,1955,2198,4153
2012,Morocco,671,2146,2817
2012,Mozambique,52,89,141
2012,Myanmar,319005,345784,664789
2012,Namibia,647,1091,1738
2012,Nepal,200,660,860
2012,Netherlands,15,26,41
2012,New Zealand,0,14,14
2012,Nicaragua,452,582,1034
2012,Niger,123,356,479
2012,Nigeria,5133,7614,12747
2012,Norway,5,0,5
2012,Oman,15,30,45
2012,Pakistan,362991,430103,793094
2012,Panama,27,22,49
2012,Paraguay,18,25,43
2012,Peru,882,1028,1910
2012,Philippines,347,137,484
2012,Poland,694,748,1442
2012,Portugal,26,23,49
2012,Qatar,52,68,120
2012,South Korea,156,132,288
2012,Romania,689,796,1485
2012,Russia,35250,31614,66864
2012,Rwanda,50740,49474,100214
2012,Saint Kitts and Nevis,13,12,25
2012,Saint Lucia,496,316,812
2012,Saint Vincent and the Grenadines,505,289,794
2012,Samoa,0,10,10
2012,Sao Tome and Principe,13,18,31
2012,Saudi Arabia,199,281,480
2012,Senegal,9509,9675,19184
2012,Seychelles,5,0,5
2012,Sierra Leone,988,1868,2856
2012,Singapore,24,0,24
2012,Slovakia,341,366,707
2012,Slovenia,17,12,29
2012,South Africa,55,108,163
2012,Spain,47,53,100
2012,Sri Lanka,48724,66834,115558
2012,Sudan,1224851,1194931,2419782
2012,Suriname,5,0,5
2012,Sweden,5,15,20
2012,Switzerland,10,0,10
2012,Syria,362991,430103,793094
2012,Tajikistan,175,274,449
2012,Thailand,213,147,360
2012,Togo,5904,8172,14076
2012,Trinidad and Tobago,34,27,61
2012,Tunisia,494,2010,2504
2012,Turkey,48105,78867,126972
2012,Turkmenistan,172,155,327
2012,Turks and Caicos Islands,10,0,10
2012,Uganda,1102,1272,2374
2012,Ukraine,10991,10654,21645
2012,United Arab Emirates,255,265,520
2012,United Kingdom,26,0,26
2012,Tanzania,128,153,281
2012,United States of America,364,370,734
2012,Uruguay,17,20,37
2012,Uzbekistan,4166,4028,8194
2012,Vietnam,159703,176602,336305
2012,Yemen,191128,196592,387720
2012,Zambia,10,16,26
2012,Zimbabwe,663,824,1487
2013,Afghanistan,1263082,1376185,2639267
2013,Albania,2564,3070,5634
2013,Algeria,1077,2978,4055
2013,Angola,52513,50817,103330
2013,Antigua and Barbuda,29,10,39
2013,Argentina,16,42,58
2013,Armenia,3657,3808,7465
2013,Australia,10,11,21
2013,Austria,5,0,5
2013,Azerbaijan,4325,4175,8500
2013,Bahamas,16,12,28
2013,Bahrain,40,21,61
2013,Bangladesh,669,6414,7083
2013,Barbados,16,37,53
2013,Belarus,424,612,1036
2013,Belgium,20,0,20
2013,Benin,95,289,384
2013,Bhutan,14970,16207,31177
2013,Bolivia,106,152,258
2013,Bosnia and Herz.,82379,84522,166901
2013,Botswana,64,28,92
2013,Brazil,60,90,150
2013,Bulgaria,134,217,351
2013,Burkina Faso,136,427,563
2013,Burundi,157771,160014,317785
2013,Cabo Verde,0,5,5
2013,Cambodia,6641,6666,13307
2013,Cameroon,1715,2767,4482
2013,Canada,21,19,40
2013,Central African Rep.,131800,119846,251646
2013,Chad,23712,24975,48687
2013,Chile,185,242,427
2013,China,5319,7175,12494
2013,Colombia,2883100,2788392,5671492
2013,Comoros,164,348,512
2013,Congo,2911,3434,6345
2013,Costa Rica,15,15,30
2013,Croatia,35309,31593,66902
2013,Cuba,1635,2861,4496
2013,Cyprus,5,0,5
2013,Czechia,286,488,774
2013,Côte d'Ivoire,41705,40108,81813
2013,Dem. Rep. Congo,1891986,1558163,3450149
2013,Djibouti,249,253,502
2013,Dominica,5,0,5
2013,Dominican Rep.,198,176,374
2013,Ecuador,113,128,241
2013,Egypt,1470,3084,4554
2013,El Salvador,756,1058,1814
2013,Equatorial Guinea,45,62,107
2013,Estonia,7,13,20
2013,Eswatini,32,34,66
2013,Ethiopia,42993,48423,91416
2013,Fiji,10,17,27
2013,Finland,5,0,5
2013,France,16,20,36
2013,Gabon,34,52,86
2013,Gambia,329,1396,1725
2013,Georgia,136043,117618,253661
2013,Germany,5,24,29
2013,Ghana,10867,9439,20306
2013,Greece,52,83,135
2013,Greenland,22,35,57
2013,Grenada,16,16,32
2013,Guatemala,291,366,657
2013,Guinea,4455,5904,10359
2013,Guinea-Bissau,413,1348,1761
2013,Haiti,5264,13803,19067
2013,Honduras,361,549,910
2013,Hong Kong,34,7,41
2013,Hungary,1269,1542,2811
2013,India,1151,2942,4093
2013,Indonesia,5750,4843,10593
2013,Iran,21227,31800,53027
2013,Iraq,560854,578616,1139470
2013,Ireland,5,10,15
2013,Israel,106,147,253
2013,Italy,48,20,68
2013,Jamaica,198,205,403
2013,Japan,60,72,132
2013,Jordan,371,349,720
2013,Kazakhstan,537,412,949
2013,Kenya,2811,2492,5303
2013,Kuwait,42,102,144
2013,Kyrgyzstan,430,638,1068
2013,Laos,3542,3940,7482
2013,Latvia,49,72,121
2013,Lebanon,779,1544,2323
2013,Liberia,7023,7676,14699
2013,Libya,445,939,1384
2013,Lithuania,27,66,93
2013,Macedonia,3409,3541,6950
2013,Madagascar,151,129,280
2013,Malawi,17,10,27
2013,Malaysia,28,5,33
2013,Maldives,12,12,24
2013,Mali,81096,69297,150393
2013,Mauritania,14630,17612,32242
2013,Mauritius,11,6,17
2013,Mexico,377,447,824
2013,Moldova,321,367,688
2013,Mongolia,415,333,748
2013,Montenegro,371,303,674
2013,Morocco,396,1612,2008
2013,Mozambique,22,23,45
2013,Myanmar,103141,156789,259930
2013,Namibia,433,891,1324
2013,Nepal,145,492,637
2013,Netherlands,14,12,26
2013,New Zealand,5,5,10
2013,Nicaragua,440,572,1012
2013,Niger,83,293,376
2013,Nigeria,8001,9471,17472
2013,Norway,0,5,5
2013,Oman,5,0,5
2013,Pakistan,358263,426903,785166
2013,Panama,23,12,35
2013,Paraguay,5,26,31
2013,Peru,977,1100,2077
2013,Philippines,278,77,355
2013,Poland,480,839,1319
2013,Portugal,18,13,31
2013,South Korea,93,86,179
2013,Romania,509,717,1226
2013,Russia,19401,19777,39178
2013,Rwanda,44762,43875,88637
2013,Saint Kitts and Nevis,7,19,26
2013,Saint Lucia,243,168,411
2013,Saint Vincent and the Grenadines,229,158,387
2013,Samoa,0,10,10
2013,Sao Tome and Principe,14,17,31
2013,Saudi Arabia,45,63,108
2013,Senegal,9992,10531,20523
2013,Sierra Leone,939,1622,2561
2013,Singapore,12,0,12
2013,Slovakia,291,340,631
2013,Slovenia,0,22,22
2013,South Africa,97,159,256
2013,Spain,39,42,81
2013,Sri Lanka,45478,60875,106353
2013,Sudan,1264294,1235251,2499545
2013,Suriname,0,10,10
2013,Sweden,10,0,10
2013,Syria,358263,426903,785166
2013,Tajikistan,179,257,436
2013,Thailand,83,77,160
2013,Togo,2941,4563,7504
2013,Trinidad and Tobago,26,16,42
2013,Tunisia,384,1444,1828
2013,Turkey,24575,36405,60980
2013,Turkmenistan,130,123,253
2013,Turks and Caicos Islands,0,5,5
2013,Uganda,2641,2406,5047
2013,Ukraine,944,933,1877
2013,United Arab Emirates,13,0,13
2013,United Kingdom,5,18,23
2013,Tanzania,162,164,326
2013,United States of America,437,446,883
2013,Uruguay,0,5,5
2013,Uzbekistan,671,677,1348
2013,Vietnam,149576,164339,313915
2013,Yemen,151789,156977,308763
2013,Zambia,15,15,30
2013,Zimbabwe,810,998,1808
2014,Afghanistan,1274141,1390443,2664584
2014,Albania,4750,5599,10349
2014,Algeria,1090,3617,4707
2014,Angola,35000,35412,70412
2014,Antigua and Barbuda,19,5,24
2014,Argentina,20,30,50
2014,Armenia,4410,4612,9022
2014,Australia,0,11,11
2014,Azerbaijan,4649,4478,9127
2014,Bahamas,5,24,29
2014,Bahrain,37,51,88
2014,Bangladesh,824,8408,9232
2014,Barbados,5,13,18
2014,Belarus,423,540,963
2014,Belgium,5,0,5
2014,Belize,0,6,6
2014,Benin,85,419,504
2014,Bhutan,11083,12189,23272
2014,Bolivia,81,160,241
2014,Bosnia and Herz.,80224,82690,162914
2014,Botswana,24,0,24
2014,Brazil,45,58,103
2014,Bulgaria,102,136,238
2014,Burkina Faso,120,448,568
2014,Burundi,160495,165573,326068
2014,Cabo Verde,19,14,33
2014,Cambodia,6311,6350,12661
2014,Cameroon,1588,3085,4673
2014,Canada,18,22,40
2014,Central African Rep.,220709,203249,423958
2014,Chad,24511,24256,48767
2014,Chile,154,206,360
2014,China,4941,6452,11393
2014,Colombia,3156637,3047538,6204175
2014,Comoros,188,358,546
2014,Congo,5437,6659,12096
2014,Costa Rica,5,0,5
2014,Croatia,21168,18741,39909
2014,Cuba,1268,2439,3707
2014,Czechia,372,612,984
2014,Côte d'Ivoire,33653,33688,67341
2014,Dem. Rep. Congo,1772963,1635415,3408378
2014,Djibouti,211,200,411
2014,Dominica,8,0,8
2014,Dominican Rep.,284,259,543
2014,Ecuador,106,103,209
2014,Egypt,1719,4328,6047
2014,El Salvador,433,514,947
2014,Equatorial Guinea,40,45,85
2014,Estonia,0,19,19
2014,Eswatini,10,12,22
2014,Ethiopia,47595,63390,110985
2014,Fiji,20,0,20
2014,France,5,19,24
2014,Gabon,38,28,66
2014,Gambia,418,2906,3324
2014,Georgia,143719,126212,269936
2014,Germany,0,8,8
2014,Ghana,11504,11159,22663
2014,Greece,17,41,58
2014,Greenland,10,22,32
2014,Grenada,6,0,6
2014,Guatemala,204,266,470
2014,Guinea,3880,5839,9719
2014,Guinea-Bissau,414,1603,2017
2014,Haiti,10990,23893,34883
2014,Honduras,240,383,623
2014,Hungary,419,576,995
2014,India,1186,3100,4286
2014,Indonesia,1204,71,1275
2014,Iran,25509,39160,64669
2014,Iraq,105162,131356,236518
2014,Ireland,0,5,5
2014,Israel,44,70,114
2014,Italy,45,22,67
2014,Jamaica,121,124,245
2014,Japan,90,131,221
2014,Jordan,442,411,853
2014,Kazakhstan,493,420,913
2014,Kenya,3066,2687,5753
2014,Kuwait,67,45,112
2014,Kyrgyzstan,510,541,1051
2014,Laos,3421,3809,7230
2014,Latvia,21,47,68
2014,Lebanon,1086,2154,3240
2014,Lesotho,10,0,10
2014,Liberia,5496,6257,11753
2014,Libya,664,1302,1966
2014,Lithuania,0,23,23
2014,Macao SAR,0,5,5
2014,Macedonia,3972,4087,8059
2014,Madagascar,123,116,239
2014,Malawi,10,13,23
2014,Malaysia,14,5,19
2014,Maldives,5,5,10
2014,Mali,72896,61488,134384
2014,Mauritania,14631,17375,32006
2014,Mauritius,5,5,10
2014,Mexico,101,85,186
2014,Moldova,300,392,692
2014,Mongolia,633,517,1150
2014,Montenegro,730,720,1450
2014,Morocco,475,1950,2425
2014,Mozambique,25,35,60
2014,Myanmar,133521,190391,323912
2014,Namibia,288,741,1029
2014,Nepal,128,454,582
2014,Netherlands,15,10,25
2014,New Zealand,9,0,9
2014,Nicaragua,111,166,277
2014,Niger,65,265,330
2014,Nigeria,649531,579314,1228845
2014,Oman,5,0,5
2014,Pakistan,807395,897367,1704762
2014,Panama,0,5,5
2014,Paraguay,8,22,30
2014,Peru,746,884,1630
2014,Philippines,72953,69845,142798
2014,Poland,304,610,914
2014,Portugal,5,10,15
2014,South Korea,85,81,166
2014,Romania,190,289,479
2014,Russia,16753,16671,33424
2014,Rwanda,43380,44883,88263
2014,Saint Kitts and Nevis,14,0,14
2014,Saint Lucia,23,10,33
2014,Saint Vincent and the Grenadines,39,33,72
2014,Sao Tome and Principe,24,5,29
2014,Saudi Arabia,52,70,122
2014,Senegal,11030,13366,24396
2014,Seychelles,5,0,5
2014,Sierra Leone,966,1813,2779
2014,Singapore,0,7,7
2014,Slovakia,326,391,717
2014,Slovenia,0,9,9
2014,Solomon Islands,545,691,1236
2014,South Africa,57,239,296
2014,Spain,26,27,53
2014,Sri Lanka,44993,60059,105052
2014,Sudan,1442531,1417082,2859613
2014,Sweden,10,0,10
2014,Syria,807395,897367,1704762
2014,Tajikistan,288,440,728
2014,Thailand,78,44,122
2014,Togo,2709,4137,6846
2014,Trinidad and Tobago,13,5,18
2014,Tunisia,358,1350,1708
2014,Turkey,24030,35710,59740
2014,Turkmenistan,392,293,685
2014,Uganda,2247,2477,4724
2014,Ukraine,700181,360341,1060522
2014,United Arab Emirates,0,10,10
2014,United Kingdom,11,6,17
2014,Tanzania,161,191,352
2014,United States of America,137,179,316
2014,Uzbekistan,686,613,1299
2014,Vietnam,149675,164397,314072
2014,Yemen,166790,170181,336971
2014,Zambia,62,39,101
2014,Zimbabwe,3335,4395,7730
2015,Afghanistan,1471535,1668027,3139562
2015,Albania,16559,21552,38111
2015,Algeria,1216,4654,5870
2015,Angola,21238,22749,43987
2015,Antigua and Barbuda,0,5,5
2015,Argentina,20,42,62
2015,Armenia,5250,5439,10689
2015,Australia,0,5,5
2015,Azerbaijan,5150,5072,10222
2015,Bahamas,14,28,42
2015,Bahrain,46,66,112
2015,Bangladesh,895,7643,8538
2015,Barbados,5,11,16
2015,Belarus,545,701,1246
2015,Belgium,27,0,27
2015,Benin,139,729,868
2015,Bhutan,8208,9151,17359
2015,Bolivia,131,156,287
2015,Bosnia and Herz.,85230,88065,173295
2015,Botswana,20,5,25
2015,Brazil,57,71,128
2015,Bulgaria,103,170,273
2015,Burkina Faso,174,563,737
2015,Burundi,253041,244542,497583
2015,Cabo Verde,41,52,93
2015,Cambodia,6240,6264,12504
2015,Cameroon,49262,49167,98429
2015,Canada,20,11,31
2015,Central African Rep.,381881,315563,697444
2015,Chad,7294,60034,67328
2015,Chile,193,239,432
2015,China,4930,6226,11156
2015,Colombia,114174,130449,244623
2015,Comoros,198,354,552
2015,Congo,2737,3415,6152
2015,Costa Rica,5,0,5
2015,Croatia,25028,22334,47362
2015,Cuba,1839,3760,5599
2015,Czechia,410,656,1066
2015,Côte d'Ivoire,32625,32751,65376
2015,Dem. Rep. Congo,1077643,1027280,2104923
2015,Djibouti,314,277,591
2015,Dominica,37,14,51
2015,Dominican Rep.,370,603,973
2015,Ecuador,131,131,262
2015,Egypt,1779,5117,6896
2015,El Salvador,3257,8488,11745
2015,Equatorial Guinea,20,55,75
2015,Estonia,7,13,20
2015,Eswatini,10,21,31
2015,Ethiopia,44870,50971,95841
2015,Fiji,15,0,15
2015,France,20,24,44
2015,Gabon,36,38,74
2015,Gambia,561,5507,6068
2015,Georgia,147018,129695,276713
2015,Germany,0,7,7
2015,Ghana,11823,11100,22923
2015,Greece,12,51,63
2015,Greenland,12,29,41
2015,Grenada,0,5,5
2015,Guatemala,772,2929,3701
2015,Guinea,6486,7389,13875
2015,Guinea-Bissau,476,1562,2038
2015,Haiti,3469,8275,11744
2015,Honduras,90879,88620,179499
2015,Hong Kong,0,5,5
2015,Hungary,410,582,992
2015,India,1494,4470,5964
2015,Indonesia,1234,60,1294
2015,Iran,30225,46132,76357
2015,Iraq,143512,189257,332769
2015,Ireland,0,5,5
2015,Israel,66,67,133
2015,Italy,33,50,83
2015,Jamaica,76,99,175
2015,Japan,50,56,106
2015,Jordan,550,501,1051
2015,Kazakhstan,562,499,1061
2015,Kenya,2709,2330,5039
2015,Kuwait,44,87,131
2015,Kyrgyzstan,530,530,1060
2015,Laos,3394,3753,7147
2015,Latvia,20,46,66
2015,Lebanon,1582,3186,4768
2015,Lesotho,5,5,10
2015,Liberia,3917,4517,8434
2015,Libya,1147,2195,3342
2015,Lithuania,10,33,43
2015,Macedonia,9074,9922,18996
2015,Madagascar,124,124,248
2015,Malawi,117,91,208
2015,Malaysia,28,5,33
2015,Maldives,10,0,10
2015,Mali,79328,67085,146413
2015,Mauritania,15108,17877,32985
2015,Mauritius,42,37,79
2015,Mexico,70,84,154
2015,Moldova,902,1240,2142
2015,Mongolia,673,567,1240
2015,Montenegro,1691,1712,3403
2015,Morocco,679,2538,3217
2015,Mozambique,29,62,91
2015,Myanmar,236027,283874,519901
2015,Namibia,293,693,986
2015,Nepal,125,604,729
2015,Netherlands,7,18,25
2015,New Zealand,0,8,8
2015,Nicaragua,224,406,630
2015,Niger,114775,93480,208255
2015,Nigeria,78940,72137,151077
2015,Norway,5,0,5
2015,Oman,5,0,5
2015,Pakistan,665603,775791,1441394
2015,Panama,10,0,10
2015,Paraguay,18,46,64
2015,Peru,1637,3688,5325
2015,Philippines,32669,31295,63964
2015,Poland,402,707,1109
2015,Portugal,20,20,40
2015,South Korea,84,78,162
2015,Romania,306,495,801
2015,Russia,19803,19393,39196
2015,Rwanda,148660,147433,296093
2015,Saint Kitts and Nevis,0,5,5
2015,Saint Lucia,5,7,12
2015,Saint Vincent and the Grenadines,11,16,27
2015,Sao Tome and Principe,24,10,34
2015,Saudi Arabia,276,225,501
2015,Senegal,4802,11879,16681
2015,Seychelles,5,0,5
2015,Sierra Leone,2832,5301,8133
2015,Singapore,5,11,16
2015,Slovakia,344,412,756
2015,Slovenia,7,28,35
2015,South Africa,209,495,704
2015,Spain,47,45,92
2015,Sri Lanka,44522,57902,102424
2015,Sudan,335594,308731,644325
2015,Sweden,10,0,10
2015,Syria,665603,775791,1441394
2015,Tajikistan,447,644,1091
2015,Thailand,123,279,402
2015,Togo,2493,4214,6707
2015,Trinidad and Tobago,5,11,16
2015,Tunisia,456,1400,1856
2015,Turkey,22138,32497,54635
2015,Turkmenistan,964,763,1727
2015,Uganda,91782,92117,183899
2015,Ukraine,7360,6333,13693
2015,United Arab Emirates,153,145,298
2015,United Kingdom,10,7,17
2015,Tanzania,199,308,507
2015,United States of America,157,185,342
2015,Uruguay,5,0,5
2015,Uzbekistan,828,710,1538
2015,Vietnam,5402,7024,12426
2015,Yemen,1376638,1177716,2554354
2015,Zambia,221,391,612
2015,Zimbabwe,1501,1343,2844
2016,Afghanistan,1691190,1952701,3643891
2016,Albania,7852,9223,17075
2016,Algeria,1344,4555,5899
2016,Angola,14447,15829,30276
2016,Antigua and Barbuda,13,5,18
2016,Argentina,20,24,44
2016,Armenia,7205,7603,14808
2016,Australia,0,5,5
2016,Azerbaijan,6550,7003,13553
2016,Bahamas,30,45,75
2016,Bahrain,36,122,158
2016,Bangladesh,1303,37239,38542
2016,Barbados,22,13,35
2016,Belarus,634,772,1406
2016,Belgium,15,0,15
2016,Belize,5,0,5
2016,Benin,167,690,857
2016,Bhutan,5355,6071,11426
2016,Bolivia,128,144,272
2016,Bosnia and Herz.,83742,86271,170013
2016,Botswana,27,5,32
2016,Brazil,53,102,155
2016,Bulgaria,80,122,202
2016,Burkina Faso,202,609,811
2016,Burundi,292492,304650,597142
2016,Cabo Verde,29,57,86
2016,Cambodia,6078,6219,12297
2016,Cameroon,104090,104258,208348
2016,Canada,13,10,23
2016,Central African Rep.,274811,246010,520821
2016,Chad,85314,70207,155521
2016,Chile,168,228,396
2016,China,6652,9092,15744
2016,Colombia,3724597,3883023,7607620
2016,Comoros,202,368,570
2016,Congo,18367,18089,36456
2016,Costa Rica,10,0,10
2016,Croatia,14281,11723,26004
2016,Cuba,2078,4021,6099
2016,Czechia,345,587,932
2016,Côte d'Ivoire,19980,22169,42149
2016,Dem. Rep. Congo,1474586,1387557,2862143
2016,Djibouti,419,414,833
2016,Dominican Rep.,425,746,1171
2016,Ecuador,85,109,194
2016,Egypt,2225,6046,8271
2016,El Salvador,5083,8174,13257
2016,Equatorial Guinea,36,42,78
2016,Estonia,0,8,8
2016,Eswatini,15,15,30
2016,Ethiopia,61167,121251,182418
2016,France,13,35,48
2016,Gabon,66,67,133
2016,Gambia,794,10409,11203
2016,Georgia,150148,133150,283298
2016,Germany,10,7,17
2016,Ghana,9261,10405,19666
2016,Greece,15,47,62
2016,Greenland,21,33,54
2016,Grenada,12,0,12
2016,Guatemala,58,85,143
2016,Guinea,7019,9992,17011
2016,Guinea-Bissau,528,1461,1989
2016,Haiti,9043,26710,35753
2016,Honduras,90469,88961,179430
2016,Hong Kong,12,17,29
2016,Hungary,277,569,846
2016,India,2266,8491,10757
2016,Indonesia,608,409,1017
2016,Iran,40848,68407,109254
2016,Iraq,185366,249767,435133
2016,Israel,48,93,141
2016,Italy,21,37,58
2016,Jamaica,88,169,257
2016,Japan,20,17,37
2016,Jordan,673,560,1233
2016,Kazakhstan,635,843,1478
2016,Kenya,3390,3160,6550
2016,Kuwait,117,227,344
2016,Kyrgyzstan,579,632,1211
2016,Laos,3307,3732,7039
2016,Latvia,19,43,62
2016,Lebanon,2556,5028,7584
2016,Lesotho,153,68,221
2016,Liberia,2313,3014,5327
2016,Libya,1296,3021,4317
2016,Lithuania,5,19,24
2016,Macedonia,3530,3766,7296
2016,Madagascar,131,119,250
2016,Malawi,1382,3633,5015
2016,Malaysia,44,15,59
2016,Maldives,13,0,13
2016,Mali,78105,68212,146317
2016,Mauritania,15985,18858,34843
2016,Mauritius,36,31,67
2016,Mexico,97,152,249
2016,Moldova,1374,1273,2647
2016,Mongolia,1001,857,1858
2016,Montenegro,704,659,1363
2016,Morocco,906,3054,3960
2016,Mozambique,3072,3113,6185
2016,Myanmar,236155,277819,513974
2016,Namibia,305,720,1025
2016,Nepal,836,778,1614
2016,Netherlands,14,5,19
2016,New Zealand,0,8,8
2016,Nicaragua,556,992,1548
2016,Niger,67496,69532,137028
2016,Nigeria,117674,131526,249200
2016,Norway,7,0,7
2016,Oman,5,5,10
2016,Pakistan,246800,317285,564085
2016,Panama,5,0,5
2016,Paraguay,23,43,66
2016,Peru,512,591,1103
2016,Philippines,44075,43928,88003
2016,Poland,339,684,1023
2016,Portugal,10,27,37
2016,South Korea,29,72,101
2016,Romania,250,336,586
2016,Russia,22895,22481,45376
2016,Rwanda,150572,149709,300281
2016,Saint Lucia,16,29,45
2016,Saint Vincent and the Grenadines,44,36,80
2016,Sao Tome and Principe,26,15,41
2016,Saudi Arabia,171,128,299
2016,Senegal,9759,17540,27299
2016,Sierra Leone,1167,4268,5435
2016,Singapore,0,5,5
2016,Slovakia,116,242,358
2016,Slovenia,12,0,12
2016,Solomon Islands,5,0,5
2016,South Africa,248,499,747
2016,Spain,39,44,83
2016,Sri Lanka,44929,59381,104310
2016,Sudan,346072,320421,666493
2016,Suriname,5,0,5
2016,Sweden,5,0,5
2016,Syria,246800,317285,564085
2016,Tajikistan,1072,1646,2718
2016,Thailand,135,90,225
2016,Togo,2906,4798,7704
2016,Trinidad and Tobago,5,16,21
2016,Tunisia,498,1374,1872
2016,Turkey,25205,39161,64366
2016,Turkmenistan,603,379,982
2016,Uganda,93425,96301,189726
2016,Ukraine,5423,5024,10447
2016,United Arab Emirates,15,26,41
2016,United Kingdom,5,13,18
2016,Tanzania,323,1267,1590
2016,United States of America,180,206,386
2016,Uruguay,5,10,15
2016,Uzbekistan,844,718,1562
2016,Vietnam,5274,6957,12231
2016,Yemen,1017188,1037550,2054738
2016,Zambia,316,167,483
2016,Zimbabwe,21265,17515,38780
2017,Afghanistan,1913347,2212314,4125661
2017,Albania,5328,5744,11072
2017,Algeria,1571,3989,5560
2017,Angola,12235,12269,24504
2017,Argentina,15,14,29
2017,Armenia,7850,8130,15980
2017,Australia,0,5,5
2017,Austria,5,0,5
2017,Azerbaijan,7237,7702,14939
2017,Bahrain,61,132,193
2017,Bangladesh,1409,34966,36375
2017,Belarus,602,668,1270
2017,Belgium,6,0,6
2017,Benin,129,329,458
2017,Bhutan,3439,4142,7581
2017,Bolivia,45,49,94
2017,Bosnia and Herz.,81147,83749,164896
2017,Botswana,25,0,25
2017,Brazil,75,87,162
2017,Bulgaria,69,120,189
2017,Burkina Faso,1471,1465,2936
2017,Burundi,356769,358564,715333
2017,Cambodia,6081,6092,12173
2017,Cameroon,116059,122162,238221
2017,Canada,34,5,39
2017,Central African Rep.,304255,273991,578246
2017,Chad,82561,71476,154037
2017,Chile,142,161,303
2017,China,5561,7331,12892
2017,Colombia,4129986,3675629,7805615
2017,Comoros,212,381,593
2017,Congo,77620,50393,128013
2017,Costa Rica,5,0,5
2017,Croatia,13514,11077,24591
2017,Cuba,1952,4278,6230
2017,Czechia,299,512,811
2017,Côte d'Ivoire,16095,24713,40808
2017,Dem. Rep. Congo,2699204,2400277,5099481
2017,Djibouti,267,187,454
2017,Dominican Rep.,226,115,341
2017,Ecuador,74,60,134
2017,Egypt,2627,5778,8405
2017,El Salvador,41649,39084,80733
2017,Equatorial Guinea,33,37,70
2017,Estonia,5,7,12
2017,Eswatini,10,21,31
2017,Ethiopia,67520,126809,194329
2017,France,0,25,25
2017,Gabon,60,88,148
2017,Gambia,858,9488,10346
2017,Georgia,152387,135023,287410
2017,Germany,11,0,11
2017,Ghana,8016,8111,16127
2017,Greece,15,38,53
2017,Greenland,10,16,26
2017,Guatemala,55,66,121
2017,Guinea,6075,20016,26091
2017,Guinea-Bissau,432,1325,1757
2017,Haiti,2496,3019,5515
2017,Honduras,90139,87806,177945
2017,Hungary,125,223,348
2017,Iceland,5,0,5
2017,India,1787,6263,8050
2017,Indonesia,927,48,975
2017,Iran,44252,70483,114735
2017,Iraq,214118,274384,488502
2017,Israel,41,53,94
2017,Italy,32,28,60
2017,Jamaica,29,146,175
2017,Japan,18,10,28
2017,Jordan,637,560,1197
2017,Kazakhstan,839,1337,2176
2017,Kenya,3335,3048,6383
2017,Kuwait,171,226,397
2017,Kyrgyzstan,552,639,1191
2017,Laos,3261,3642,6903
2017,Latvia,19,47,66
2017,Lebanon,2548,3563,6111
2017,Liberia,2269,3522,5791
2017,Libya,1701,3348,5049
2017,Lithuania,5,11,16
2017,Macedonia,2019,2058,4077
2017,Madagascar,125,111,236
2017,Malawi,746,2331,3077
2017,Malaysia,131,386,517
2017,Maldives,13,5,18
2017,Mali,74919,62745,137664
2017,Mauritania,15975,24533,40508
2017,Mauritius,43,34,77
2017,Mexico,45,53,98
2017,Moldova,554,503,1057
2017,Mongolia,1052,896,1948
2017,Montenegro,438,425,863
2017,Morocco,1055,2451,3506
2017,Mozambique,6236,6353,12589
2017,Myanmar,638681,644215,1282896
2017,Namibia,259,685,944
2017,Nepal,575,489,1064
2017,Netherlands,11,15,26
2017,New Zealand,0,8,8
2017,Nicaragua,571,895,1466
2017,Niger,81259,64328,145587
2017,Nigeria,122812,118920,241732
2017,Norway,5,0,5
2017,Oman,14,0,14
2017,Pakistan,122630,179285,301915
2017,Panama,10,5,15
2017,Paraguay,8,21,29
2017,Peru,525,612,1137
2017,Philippines,159447,152997,312444
2017,Poland,255,561,816
2017,Portugal,16,0,16
2017,South Korea,17,41,58
2017,Romania,156,243,399
2017,Russia,22945,22297,45242
2017,Rwanda,136301,137106,273407
2017,Saint Vincent and the Grenadines,10,0,10
2017,Sao Tome and Principe,21,10,31
2017,Saudi Arabia,176,115,291
2017,Senegal,10080,10983,21063
2017,Sierra Leone,1261,4616,5877
2017,Singapore,0,7,7
2017,Slovakia,89,112,201
2017,Slovenia,7,0,7
2017,Solomon Islands,8,0,8
2017,South Africa,224,288,512
2017,Spain,38,33,71
2017,Sri Lanka,44984,57164,102148
2017,Sudan,366810,346505,713315
2017,Suriname,5,0,5
2017,Sweden,6,0,6
2017,Syria,122630,179285,301915
2017,Tajikistan,1352,2070,3422
2017,Thailand,274,85,359
2017,Togo,2842,4539,7381
2017,Trinidad and Tobago,10,23,33
2017,Tunisia,579,1005,1584
2017,Turkey,28516,41439,69955
2017,Turkmenistan,619,317,936
2017,Uganda,93296,96014,189310
2017,Ukraine,1174204,633916,1808120
2017,United Arab Emirates,25,39,64
2017,United Kingdom,5,23,28
2017,Tanzania,195,252,447
2017,United States of America,92,126,218
2017,Uzbekistan,813,691,1504
2017,Vietnam,5154,6470,11624
2017,Yemen,1015003,1040729,2055732
2017,Zambia,80,32,112
2017,Zimbabwe,14100,12785,26885
2018,Afghanistan,2095873,2371188,4467052
2018,Albania,5212,5522,10734
2018,Algeria,1523,3203,4726
2018,Angola,12433,12413,24846
2018,Antigua and Barbuda,12,5,17
2018,Argentina,30,29,59
2018,Armenia,7134,7360,14494
2018,Australia,0,5,5
2018,Austria,10,0,10
2018,Azerbaijan,7118,7463,14581
2018,Bahamas,7,24,31
2018,Bahrain,54,131,185
2018,Bangladesh,1482,8485,9967
2018,Barbados,7,14,21
2018,Belarus,559,602,1161
2018,Belgium,5,0,5
2018,Belize,5,5,10
2018,Benin,169,313,482
2018,Bhutan,3104,3704,6808
2018,Bolivia,65,59,124
2018,Bosnia and Herz.,10759,9041,19800
2018,Botswana,47,10,57
2018,Brazil,157,132,289
2018,Bulgaria,77,115,192
2018,Burkina Faso,28686,27457,56143
2018,Burundi,229119,243541,472660
2018,Cambodia,5977,6155,12132
2018,Cameroon,402673,306499,709172
2018,Canada,24,5,29
2018,Central African Rep.,655555,611080,1266635
2018,Chad,90485,102965,193450
2018,Chile,138,175,313
2018,China,6486,8548,15034
2018,Colombia,4050801,3846498,7897299
2018,Comoros,210,410,620
2018,Congo,2866,3201,6067
2018,Costa Rica,20,0,20
2018,Croatia,14233,10579,24812
2018,Cuba,3313,6875,10183
2018,Czechia,308,508,816
2018,Côte d'Ivoire,15430,16653,32083
2018,Dem. Rep. Congo,2829606,2456256,5285862
2018,Djibouti,379,296,675
2018,Dominica,5,0,5
2018,Dominican Rep.,359,217,576
2018,Ecuador,90,101,191
2018,Egypt,3094,6440,9534
2018,El Salvador,2115,3144,5259
2018,Equatorial Guinea,54,36,90
2018,Estonia,5,7,12
2018,Eswatini,23,30,53
2018,Ethiopia,1397687,1351190,2748877
2018,France,10,20,30
2018,Gabon,130,132,262
2018,Gambia,992,8221,9213
2018,Georgia,154891,137495,292386
2018,Germany,5,0,5
2018,Ghana,6732,6572,13304
2018,Greece,10,44,54
2018,Greenland,10,17,27
2018,Guatemala,492,664,1156
2018,Guinea,7673,12105,19778
2018,Guinea-Bissau,429,1016,1445
2018,Haiti,2526,3206,5732
2018,Honduras,94493,95662,190155
2018,Hong Kong,0,7,7
2018,Hungary,288,380,668
2018,Iceland,5,0,5
2018,India,1166,3269,4435
2018,Indonesia,979,54,1033
2018,Iran,49111,75744,124822
2018,Iraq,218504,270437,488941
2018,Israel,70,44,114
2018,Italy,47,20,67
2018,Jamaica,90,199,289
2018,Japan,19,5,24
2018,Jordan,2104,698,2802
2018,Kazakhstan,1649,2204,3853
2018,Kenya,2918,2458,5376
2018,Kuwait,293,326,619
2018,Kyrgyzstan,641,823,1464
2018,Laos,3197,3602,6799
2018,Latvia,16,35,51
2018,Lebanon,2355,2835,5185
2018,Lesotho,0,5,5
2018,Liberia,1566,1995,3561
2018,Libya,92251,83535,175786
2018,Lithuania,10,9,19
2018,Macedonia,1643,1648,3291
2018,Madagascar,135,118,253
2018,Malawi,136,131,267
2018,Malaysia,352,1134,1486
2018,Maldives,10,11,21
2018,Mali,78249,65145,143394
2018,Mauritania,16238,19009,35247
2018,Mauritius,54,40,94
2018,Mexico,85,86,171
2018,Moldova,812,747,1559
2018,Mongolia,1139,983,2122
2018,Montenegro,384,322,706
2018,Morocco,1242,2261,3503
2018,Mozambique,8108,8818,16926
2018,Myanmar,769247,770327,1539574
2018,Namibia,253,685,938
2018,Nepal,581,570,1151
2018,Netherlands,15,15,30
2018,New Zealand,0,8,8
2018,Nicaragua,475,780,1255
2018,Niger,1275418,1024626,2300044
2018,Nigeria,140240,128490,268730
2018,Norway,5,0,5
2018,Oman,14,0,14
2018,Pakistan,93686,116771,210457
2018,Panama,10,5,15
2018,Paraguay,13,21,34
2018,Peru,483,519,1002
2018,Philippines,40052,38450,78502
2018,Poland,259,545,804
2018,Portugal,15,9,24
2018,Qatar,5,0,5
2018,South Korea,54,55,109
2018,Romania,162,244,406
2018,Russia,23555,23337,46892
2018,Rwanda,133847,134340,268187
2018,Saint Kitts and Nevis,0,5,5
2018,Saint Lucia,46,43,89
2018,Saint Vincent and the Grenadines,62,34,96
2018,San Marino,0,5,5
2018,Sao Tome and Principe,21,10,31
2018,Saudi Arabia,227,187,414
2018,Senegal,3237,4069,7306
2018,Seychelles,0,5,5
2018,Sierra Leone,2132,3480,5612
2018,Singapore,0,8,8
2018,Slovakia,141,182,323
2018,Slovenia,5,6,11
2018,Solomon Islands,6,0,6
2018,South Africa,336,413,749
2018,Spain,33,50,83
2018,Sri Lanka,12422,26101,38523
2018,Sudan,385222,369393,754615
2018,Suriname,10,0,10
2018,Sweden,13,0,13
2018,Syria,93686,116771,210457
2018,Tajikistan,1321,1808,3129
2018,Thailand,414,121,535
2018,Togo,2866,4664,7530
2018,Trinidad and Tobago,10,18,28
2018,Tunisia,550,1097,1647
2018,Turkey,31564,48216,79793
2018,Turkmenistan,699,356,1055
2018,Uganda,1973,2265,4238
2018,Ukraine,4044,3362,7406
2018,United Arab Emirates,32,38,70
2018,United Kingdom,22,15,37
2018,Tanzania,237,371,608
2018,United States of America,285,257,542
2018,Uruguay,10,0,10
2018,Uzbekistan,858,837,1695
2018,Vietnam,5081,6618,11699
2018,Yemen,1114276,1088427,2202703
2018,Zambia,36,0,36
2018,Zimbabwe,1424,1314,2738
2019,Afghanistan,2286679,2561206,4847885
2019,Albania,9101,10999,20100
2019,Algeria,1977,5328,7305
2019,Angola,12845,12692,25537
2019,Antigua and Barbuda,5,5,10
2019,Argentina,183,218,401
2019,Armenia,6626,6822,13448
2019,Australia,5,5,10
2019,Austria,5,0,5
2019,Azerbaijan,6972,7316,14288
2019,Bahrain,60,128,188
2019,Bangladesh,1978,12991,14969
2019,Barbados,0,5,5
2019,Belarus,667,805,1472
2019,Belgium,11,0,11
2019,Belize,5,24,29
2019,Benin,168,355,528
2019,Bhutan,2997,3560,6557
2019,Bolivia,184,170,354
2019,Bosnia and Herz.,76367,78952,155319
2019,Botswana,93,27,120
2019,Brazil,933,1075,2008
2019,Bulgaria,63,103,166
2019,Burkina Faso,290840,278687,569527
2019,Burundi,231143,236317,467460
2019,Cabo Verde,10,5,15
2019,Cambodia,5736,5858,11594
2019,Cameroon,525486,488974,1014460
2019,Canada,34,20,54
2019,Central African Rep.,675047,621060,1296107
2019,Chad,167949,136893,304842
2019,Chile,420,471,891
2019,China,7165,8871,16036
2019,Colombia,4358850,4123355,8482205
2019,Comoros,366,649,1015
2019,Congo,2904,3389,6293
2019,Costa Rica,64,69,133
2019,Croatia,5351,4919,10270
2019,Cuba,7992,14706,22698
2019,Cyprus,0,5,5
2019,Czechia,286,464,750
2019,Côte d'Ivoire,16715,17456,34171
2019,Dem. Rep. Congo,3041820,2837221,5879044
2019,Djibouti,299,248,547
2019,Dominica,29,15,44
2019,Dominican Rep.,647,453,1100
2019,Ecuador,226,220,446
2019,Egypt,3203,7676,10879
2019,El Salvador,8035,9923,17958
2019,Equatorial Guinea,65,87,152
2019,Estonia,5,5,10
2019,Eswatini,26,30,56
2019,Ethiopia,65695,69618,135313
2019,Fiji,0,5,5
2019,Finland,0,5,5
2019,France,10,25,35
2019,Gabon,176,172,348
2019,Gambia,1235,6681,7916
2019,Georgia,159172,142229,301401
2019,Germany,5,10,15
2019,Ghana,6979,7116,14095
2019,Greece,6,45,51
2019,Greenland,10,34,44
2019,Grenada,14,15,29
2019,Guatemala,1909,2506,4415
2019,Guinea,9415,14699,24114
2019,Guinea-Bissau,432,1063,1495
2019,Haiti,4621,5975,10596
2019,Honduras,156206,135888,292094
2019,Hong Kong,0,16,16
2019,Hungary,102,203,305
2019,Iceland,5,0,5
2019,India,1757,3933,5690
2019,Indonesia,1091,90,1181
2019,Iran,50022,77124,127146
2019,Iraq,233924,280151,514075
2019,Israel,55,79,134
2019,Italy,28,26,54
2019,Jamaica,99,284,383
2019,Japan,28,10,38
2019,Jordan,2684,1086,3770
2019,Kazakhstan,737,676,1413
2019,Kenya,3246,2648,5894
2019,Kuwait,423,607,1030
2019,Kyrgyzstan,534,608,1142
2019,Laos,3055,3461,6516
2019,Latvia,20,30,50
2019,Lebanon,6806,3718,10524
2019,Lesotho,5,5,10
2019,Liberia,1680,2053,3733
2019,Libya,2308,4353,6661
2019,Lithuania,5,16,21
2019,Luxembourg,5,0,5
2019,Macao SAR,0,5,5
2019,Macedonia,1452,1451,2903
2019,Madagascar,145,110,255
2019,Malawi,205,167,372
2019,Malaysia,171,249,420
2019,Maldives,10,5,15
2019,Mali,192823,165633,358456
2019,Mauritania,16293,19329,35622
2019,Mauritius,95,91,186
2019,Mexico,156,183,339
2019,Moldova,1156,1127,2283
2019,Mongolia,983,833,1816
2019,Montenegro,364,302,666
2019,Morocco,1996,4771,6767
2019,Mozambique,909,765,1674
2019,Myanmar,701736,718418,1420154
2019,Namibia,387,307,694
2019,Nepal,690,631,1321
2019,Netherlands,14,22,36
2019,New Zealand,0,8,8
2019,Nicaragua,3990,5102,9092
2019,Niger,75586,68150,143736
2019,Nigeria,170545,150286,320831
2019,Norway,5,0,5
2019,Oman,20,21,41
2019,Pakistan,96367,124897,221269
2019,Panama,30,51,81
2019,Paraguay,184,213,397
2019,Peru,2392,2312,4704
2019,Philippines,91570,87747,179322
2019,Poland,234,517,751
2019,Portugal,5,15,20
2019,Qatar,10,5,15
2019,South Korea,30,33,63
2019,Romania,162,217,379
2019,Russia,24139,23405,47544
2019,Rwanda,134231,134819,269050
2019,Saint Kitts and Nevis,6,6,12
2019,Saint Lucia,16,11,27
2019,Saint Vincent and the Grenadines,10,11,21
2019,Sao Tome and Principe,28,5,33
2019,Saudi Arabia,320,227,547
2019,Senegal,4570,6240,10810
2019,Seychelles,0,5,5
2019,Sierra Leone,2570,4073,6643
2019,Singapore,0,13,13
2019,Slovakia,82,108,190
2019,Slovenia,0,6,6
2019,Solomon Islands,6,0,6
2019,South Africa,538,434,977
2019,Spain,29,30,59
2019,Sri Lanka,41681,53952,95633
2019,Sudan,1459757,1195136,2654893
2019,Suriname,10,0,10
2019,Sweden,8,0,8
2019,Syria,96367,124897,221269
2019,Tajikistan,1143,1582,2725
2019,Thailand,114,47,161
2019,Timor-Leste,5,5,10
2019,Togo,2614,4579,7184
2019,Trinidad and Tobago,56,73,129
2019,Tunisia,540,1411,1951
2019,Turkey,36218,55902,92120
2019,Turkmenistan,183,203,386
2019,Uganda,2109,2522,4631
2019,Ukraine,1358822,1069203,2428025
2019,United Arab Emirates,30,34,64
2019,United Kingdom,10,25,35
2019,Tanzania,431,499,930
2019,United States of America,232,250,482
2019,Uruguay,60,75,135
2019,Uzbekistan,671,1569,2240
2019,Vietnam,5543,7658,13201
2019,Yemen,1870055,1816127,3686182
2019,Zambia,62,25,87
2019,Zimbabwe,1798,1528,3326
